                 171
                 661
                 710
                 306
                 609
                 651
                 851
                 429
                 948
                  22
                 944
                 954
                 771
                 967
                 291
                 387
                 607
                 115
                 677
                 530
                 566
                 896
                 292
                 804
                   0
                  24
                 412
                 414
                  60
                 478
                 651
                  91
                  13
                 610
                 629
                 214
                 969
                 706
                 930
                  12
                 650
                 723
                 112
                 620
                 939
                  15
                 987
                 932
                 738
                 347
                  82
                 128
                  78
                 229
                 602
                  87
                 203
                 396
                 806
                 477
                 504
                 452
                 653
                 611
                 771
                 709
                 589
                 304
                 623
                 419
                 561
                  61
                 978
                 136
                 321
                 689
                 541
                 156
                 548
                 767
                 944
                 214
                 717
                 314
                 469
                 237
                 816
                  77
                 827
                 162
                 871
                 299
                 637
                 500
                 720
                 204
                 763
                 305
                 784
                 576
                 122
                 291
                 925
                  12
                  11
                 942
                 625
                 851
                 264
                  88
                 652
                 215
                 697
                 445
                 504
                 320
                 404
                 211
                 360
                 918
                 565
                 990
                 904
                 777
                 629
                 817
                 298
                 492
                 332
                 745
                 815
                 488
                 566
                 926
                 600
                 725
                 835
                 613
                 592
                 894
                 117
                  16
                 469
                 694
                 738
                 118
                 740
                 168
                 727
                 738
                 470
                 815
                  42
                  52
                 774
                 792
                 544
                 880
                 100
                 575
                 276
                 650
                 318
                 555
                  50
                 758
                 975
                 195
                 818
                  40
                 827
                 817
                 232
                 460
                 888
                  26
                  67
                 223
                 287
                 308
                  36
                 919
                 813
                 477
                 983
                 726
                  75
                 455
                 177
                 738
                  93
                 965
                 538
                 605
                 531
                  95
                  98
                 177
                 778
                 225
                 676
                 130
                 619
                 123
                 829
                 957
                  33
                 939
                 742
                 515
                 938
                  51
                 957
                 100
                 269
                 406
                 801
                 953
                 340
                 558
                 267
                 318
                 918
                 258
                 800
                 276
                 183
                 432
                 742
                 934
                 535
                 908
                 883
                 892
                 492
                 896
                 430
                 475
                 739
                 235
                 208
                 946
                 503
                 271
                 964
                  90
                 698
                 509
                  35
                 560
                 448
                 829
                 386
                  25
                 282
                 177
                 393
                 220
                 429
                 179
                 102
                 631
                 373
                 765
                 591
                 609
                 204
                 609
                 307
                  30
                 528
                 389
                 475
                 519
                 867
                 601
                   6
                 441
                 427
                  65
                 496
                  24
                 884
                 170
                 982
                 417
                 215
                 317
                 232
                 417
                 625
                   0
                 123
                 198
                 168
                 131
                  92
                 601
                 294
                 856
                 368
                 401
                 184
                  98
                 674
                  50
                  38
                 130
                 206
                 283
                 172
                  40
                 414
                 734
                 319
                 245
                 219
                 828
                 243
                 341
                 105
                 363
                 109
                 158
                 732
                 414
                 228
                 124
                 258
                 130
                 110
                 724
                 755
                 920
                 814
                 999
                 858
                 792
                 806
                   9
                 730
                 177
                 388
                 566
                 353
                 940
                 117
                 963
                 916
                 328
                 226
                 885
                 820
                 440
                 570
                 325
                 188
                  17
                 349
                 457
                 996
                 998
                 471
                 441
                 377
                 745
                 602
                 219
                 380
                 822
                 691
                 346
                 359
                 813
                 848
                 923
                 317
                 939
                 322
                 816
                 508
                 399
                 975
                 195
                 395
                 405
                 217
                  21
                 549
                 330
                 608
                 177
                 589
                 319
                 685
                 302
                 946
                 923
                 493
                 867
                 676
                  58
                 632
                 498
                 880
                 457
                 633
                 306
                 605
                 820
                 476
                  81
                 490
                 374
                 545
                 867
                 704
                 524
                 187
                 978
                 753
                 516
                 928
                 316
                 344
                  22
                 749
                  36
                 972
                 868
                 350
                 648
                 133
                 789
                 613
                 848
                 795
                  71
                 642
                 257
                 735
                 641
                 379
                 996
                 905
                 353
                 847
                 358
                 317
                 253
                 397
                 632
                 165
                 511
                 691
                 485
                 830
                 489
                 738
                 734
                 640
                 692
                 787
                 719
                 823
                 793
                  99
                 348
                 910
                 981
                 615
                 776
                 667
                  86
                 527
                 901
                  57
                 357
                 721
                 196
                 202
                 777
                 502
                 400
                 318
                 705
                 540
                 380
                 689
                 205
                 435
                 789
                 212
                 481
                 385
                 757
                 382
                 768
                 622
                 164
                 539
                 241
                 858
                 285
                 719
                 710
                 411
                 405
                 814
                 736
                 879
                 843
                 941
                 173
                 655
                 569
                 864
                 504
                 622
                 766
                 308
                 990
                 881
                 146
                 830
                 821
                 527
                 609
                  65
                 872
                 292
                  78
                 195
                 658
                 963
                 154
                 912
                 552
                 270
                 187
                 251
                 795
                 504
                 718
                 954
                 183
                  53
                 298
                 467
                  40
                   2
                 620
                 657
                 876
                 912
                   4
                 687
                 147
                 546
                 710
                 325
                 803
                 798
                 367
                  40
                 759
                 175
                 622
                 713
                 691
                 769
                 640
                 354
                 604
                  99
                 546
                 870
                 847
                 784
                 237
                 397
                 261
                 210
                 299
                 628
                  10
                 277
                  44
                 961
                 324
                 337
                 246
                  54
                 829
                 388
                 451
                 514
                 907
                 412
                 878
                 422
                 264
                 692
                 230
                 723
                 268
                 456
                 599
                 618
                  51
                 188
                 263
                  51
                 167
                 582
                 430
                 526
                 614
                 850
                 858
                 871
                 519
                 920
                 517
                 131
                 399
                 319
                 441
                 550
                 393
                 252
                 947
                 178
                 955
                 449
                 822
                 570
                 354
                 727
                 321
                 631
                 411
                 404
                  86
                 466
                 399
                 670
                 440
                 509
                 349
                 197
                 970
                 403
                 257
                 840
                 941
                  35
                 358
                 706
                 929
                 593
                 533
                 192
                 614
                 506
                  59
                 268
                 559
                 718
                 141
                 965
                 540
                  93
                   1
                 169
                 723
                 682
                 531
                 875
                 113
                 125
                 369
                 724
                 220
                 152
                 511
                 699
                 749
                 264
                 414
                 460
                 133
                  69
                 830
                 528
                 812
                 290
                 184
                 312
                  88
                 860
                 658
                 341
                  96
                 475
                 346
                   1
                 778
                  10
                 957
                 311
                 745
                 809
                 746
                 847
                 703
                 540
                 668
                 563
                 942
                 675
                 216
                 943
                 587
                 834
                 542
                  81
                 724
                  63
                 347
                 803
                 422
                 617
                 218
                 774
                  35
                  56
                 141
                 165
                 415
                 544
                 342
                  27
                  32
                 269
                 326
                 375
                 353
                 655
                 547
                 156
                 443
                  77
                 717
                 130
                 255
                 601
                 880
                 922
                 579
                 193
                 358
                 412
                 873
                 110
                 939
                 885
                 340
                 962
                  20
                 643
                  41
                 330
                  46
                 102
                 687
                 800
                 912
                 352
                 514
                 480
                 970
                  82
                 223
                  27
                 541
                 606
                 904
                 986
                 151
                 917
                 747
                 296
                 519
                 470
                 756
                 114
                 873
                 629
                 415
                 809
                 410
                 992
                 634
                 133
                 375
                 442
                 891
                 344
                 877
                 680
                  84
                  15
                 378
                 674
                 829
                 125
                 683
                 456
                 342
                 810
                 285
                 505
                 504
                  76
                 913
                 294
                 597
                 562
                 612
                 937
                 905
                 367
                 731
                 881
                 915
                 113
                 185
                 294
                 757
                  91
                 307
                 742
                 747
                 253
                 865
                 312
                 217
                 816
                 934
                  44
                 528
                 996
                 739
                 345
                 223
                 937
                 525
                 338
                 170
                  83
                  22
                 433
                  20
                   3
                  65
                 841
                 820
                 106
                 949
                 395
                 134
                 228
                 361
                 765
                 305
                  10
                 425
                 719
                 147
                 722
                 409
                 252
                  43
                  38
                 347
                  69
                 860
                 843
                 423
                 631
                 825
                 117
                 626
                 954
                 546
                 395
                  69
                 631
                 492
                 443
                 286
                 238
                 653
                 244
                 908
                 863
                 968
                 185
                 518
                 509
                 541
                 123
                 347
                  26
                 975
                 946
                 655
                 531
                 457
                 675
                 372
                 449
                 896
                 659
                 424
                 406
                 894
                 779
                 124
                 404
                 305
                  69
                 913
                 195
                 380
                 590
                  95
                  85
                 297
                 132
                 187
                 229
                 774
                  17
                 332
                 675
                 478
                 365
                 530
                   5
                 307
                  27
                 126
                 859
                  64
                 447
                 356
                 999
                 884
                  56
                 523
                 362
                 176
                 528
                  15
                 993
                 130
                 737
                 188
                 251
                 442
                 149
                 913
                 824
                 442
                  78
                 884
                 563
                 586
                 508
                 727
                 622
                 503
                 479
                 998
                 931
                 410
                 664
                 176
                  51
                 193
                 783
                 643
                 750
                 547
                 245
                 322
                 917
                 199
