0
0
1
1
2
3
4
5
6
9
10
10
10
11
12
12
13
15
15
15
16
17
17
20
20
21
22
22
22
24
24
25
26
26
27
27
27
30
32
33
35
35
35
36
36
38
38
40
40
40
40
41
42
43
44
44
46
50
50
51
51
51
51
52
53
54
56
56
57
58
59
60
61
63
64
65
65
65
67
69
69
69
69
71
75
76
77
77
78
78
78
81
81
82
82
83
84
85
86
86
87
88
88
90
91
91
92
93
93
95
95
96
98
98
99
99
100
100
102
102
105
106
109
110
110
112
113
113
114
115
117
117
117
118
122
123
123
123
124
124
125
125
126
128
130
130
130
130
130
131
131
132
133
133
133
134
136
141
141
146
147
147
149
151
152
154
156
156
158
162
164
165
165
167
168
168
169
170
170
171
172
173
175
176
176
177
177
177
177
177
178
179
183
183
184
184
185
185
187
187
187
188
188
188
192
193
193
195
195
195
195
196
197
198
199
202
203
204
204
205
206
208
210
211
212
214
214
215
215
216
217
217
218
219
219
220
220
223
223
223
225
226
228
228
229
229
230
232
232
235
237
237
238
241
243
244
245
245
246
251
251
252
252
253
253
255
257
257
258
258
261
263
264
264
264
267
268
268
269
269
270
271
276
276
277
282
283
285
285
286
287
290
291
291
292
292
294
294
294
296
297
298
298
299
299
302
304
305
305
305
306
306
307
307
307
308
308
311
312
312
314
316
317
317
317
318
318
318
319
319
319
320
321
321
322
322
324
325
325
326
328
330
330
332
332
337
338
340
340
341
341
342
342
344
344
345
346
346
347
347
347
347
348
349
349
350
352
353
353
353
354
354
356
357
358
358
358
359
360
361
362
363
365
367
367
368
369
372
373
374
375
375
377
378
379
380
380
380
382
385
386
387
388
388
389
393
393
395
395
395
396
397
397
399
399
399
400
401
403
404
404
404
405
405
406
406
409
410
410
411
411
412
412
412
414
414
414
414
415
415
417
417
419
422
422
423
424
425
427
429
429
430
430
432
433
435
440
440
441
441
441
442
442
442
443
443
445
447
448
449
449
451
452
455
456
456
457
457
457
460
460
466
467
469
469
470
470
471
475
475
475
476
477
477
478
478
479
480
481
485
488
489
490
492
492
492
493
496
498
500
502
503
503
504
504
504
504
504
505
506
508
508
509
509
509
511
511
514
514
515
516
517
518
519
519
519
523
524
525
526
527
527
528
528
528
528
530
530
531
531
531
533
535
538
539
540
540
540
541
541
541
542
544
544
545
546
546
546
547
547
548
549
550
552
555
558
559
560
561
562
563
563
565
566
566
566
569
570
570
575
576
579
582
586
587
589
589
590
591
592
593
597
599
600
601
601
601
602
602
604
605
605
606
607
608
609
609
609
609
610
611
612
613
613
614
614
615
617
618
619
620
620
622
622
622
622
623
625
625
626
628
629
629
629
631
631
631
631
632
632
633
634
637
640
640
641
642
643
643
648
650
650
651
651
652
653
653
655
655
655
657
658
658
659
661
664
667
668
670
674
674
675
675
675
676
676
677
680
682
683
685
687
687
689
689
691
691
691
692
692
694
697
698
699
703
704
705
706
706
709
710
710
710
713
717
717
718
718
719
719
719
720
721
722
723
723
723
724
724
724
725
726
727
727
727
730
731
732
734
734
735
736
737
738
738
738
738
738
739
739
740
742
742
742
745
745
745
746
747
747
749
749
750
753
755
756
757
757
758
759
763
765
765
766
767
768
769
771
771
774
774
774
776
777
777
778
778
779
783
784
784
787
789
789
792
792
793
795
795
798
800
800
801
803
803
804
806
806
809
809
810
812
813
813
814
814
815
815
816
816
816
817
817
818
820
820
820
821
822
822
823
824
825
827
827
828
829
829
829
829
830
830
830
834
835
840
841
843
843
847
847
847
848
848
850
851
851
856
858
858
858
859
860
860
863
864
865
867
867
867
868
870
871
871
872
873
873
875
876
877
878
879
880
880
880
881
881
883
884
884
884
885
885
888
891
892
894
894
896
896
896
901
904
904
905
905
907
908
908
910
912
912
912
913
913
913
915
916
917
917
918
918
919
920
920
922
923
923
925
926
928
929
930
931
932
934
934
937
937
938
939
939
939
939
940
941
941
942
942
943
944
944
946
946
946
947
948
949
953
954
954
954
955
957
957
957
961
962
963
963
964
965
965
967
968
969
970
970
972
975
975
975
978
978
981
982
983
986
987
990
990
992
993
996
996
996
998
998
999
999
